A = [[4, 5, 8, 8],
    [3, 7, 6, 9],
    [4, 8, 4.8, 1]];

#V = [4, 6];