A = [[4, 5, 6],
    [4, 7, 2],
    [5, 8, 9]];


A[1, 2] = 1.9;